0 0.298063 0.565603 0.596126 0.868795 0.00348342
0 0.624595 0.565603 0.743062 0.868795 0.00348342
0 0.474595 0.565603 0.743062 0.868795 0.00348342
0 0.223063 0.565603 0.446126 0.868795 0.00348342
0 0.801532 0.528132 0.396936 0.943736 0.00348342
0 0.726532 0.528132 0.546936 0.943736 0.00348342
0 0.374595 0.603073 0.743062 0.793853 0.00348342
0 0.676532 0.5 0.646936 1 0.00348342
0 0.574595 0.5 0.743062 1 0.00348342
0 0.424595 0.5 0.743062 1 0.00348342
0 0.323063 0.5 0.646126 1 0.00348342
0 0.248063 0.5 0.496126 1 0.00348342
0 0.676532 0.678015 0.646936 0.64397 0.00348342
0 0.248063 0.715486 0.496126 0.569029 0.00348342
0 0.801532 0.678015 0.396936 0.64397 0.00348342
0 0.574595 0.678015 0.743062 0.64397 0.00348342
0 0.424595 0.678015 0.743062 0.64397 0.00348342
0 0.751532 0.715486 0.496936 0.569029 0.00348342
0 0.323063 0.678015 0.646126 0.64397 0.00348342
0 0.273063 0.640544 0.546126 0.718912 0.00348342
0 0.198063 0.640544 0.396126 0.718912 0.00348342
0 0.776532 0.603073 0.446936 0.793853 0.00348342
0 0.701532 0.603073 0.596936 0.793853 0.00348342
0 0.298063 0.36083 0.596126 0.72166 0.00348342
0 0.624595 0.36083 0.743062 0.72166 0.00348342
0 0.474595 0.36083 0.743062 0.72166 0.00348342
0 0.223063 0.36083 0.446126 0.72166 0.00348342
0 0.801532 0.323359 0.396936 0.646718 0.00348342
0 0.726532 0.323359 0.546936 0.646718 0.00348342
0 0.374595 0.398301 0.743062 0.796601 0.00348342
0 0.676532 0.285888 0.646936 0.571777 0.00348342
0 0.574595 0.285888 0.743062 0.571777 0.00348342
0 0.424595 0.285888 0.743062 0.571777 0.00348342
0 0.323063 0.285888 0.646126 0.571777 0.00348342
0 0.248063 0.285888 0.496126 0.571777 0.00348342
0 0.198063 0.5 0.396126 1 0.00348342
0 0.801532 0.473242 0.396936 0.946484 0.00348342
0 0.726532 0.473242 0.546936 0.946484 0.00348342
0 0.651532 0.473242 0.696936 0.946484 0.00348342
0 0.524595 0.473242 0.743062 0.946484 0.00348342
0 0.348063 0.473242 0.696126 0.946484 0.00348342
0 0.273063 0.435771 0.546126 0.871543 0.00348342
0 0.776532 0.398301 0.446936 0.796601 0.00348342
0 0.701532 0.398301 0.596936 0.796601 0.00348342
0 0.298063 0.565603 0.596126 0.868795 0.00348342
0 0.651532 0.565603 0.696936 0.868795 0.00348342
0 0.801532 0.715486 0.396936 0.569029 0.00348342
0 0.574595 0.36083 0.743062 0.72166 0.00348342
0 0.248063 0.36083 0.496126 0.72166 0.00348342
0 0.801532 0.323359 0.396936 0.646718 0.00348342
0 0.298063 0.565603 0.596126 0.868795 0.00348342
0 0.651532 0.565603 0.696936 0.868795 0.00348342
0 0.474595 0.36083 0.743062 0.72166 0.00348342
0 0.198063 0.36083 0.396126 0.72166 0.00348342
0 0.801532 0.323359 0.396936 0.646718 0.00348342
0 0.298063 0.565603 0.596126 0.868795 0.00348342
0 0.801532 0.528132 0.396936 0.943736 0.00348342
0 0.624595 0.36083 0.743062 0.72166 0.00348342
0 0.223063 0.285888 0.446126 0.571777 0.00348342
0 0.298063 0.565603 0.596126 0.868795 0.00348342
0 0.801532 0.528132 0.396936 0.943736 0.00348342
0 0.298063 0.565603 0.596126 0.868795 0.00348342
0 0.801532 0.528132 0.396936 0.943736 0.00348342
