0 0.726532 0.568776 0.546936 0.862449 0.00348342
0 0.323063 0.602109 0.646126 0.795782 0.00348342
0 0.248063 0.602109 0.496126 0.795782 0.00348342
0 0.801532 0.568776 0.396936 0.862449 0.00348342
0 0.651532 0.568776 0.696936 0.862449 0.00348342
0 0.524595 0.568776 0.743062 0.862449 0.00348342
0 0.198063 0.635442 0.396126 0.729115 0.00348342
0 0.374595 0.568776 0.743062 0.862449 0.00348342
0 0.298063 0.535442 0.596126 0.929115 0.00348342
0 0.223063 0.535442 0.446126 0.929115 0.00348342
0 0.776532 0.500181 0.446936 0.991925 0.00348342
0 0.701532 0.500181 0.596936 0.991925 0.00348342
0 0.624595 0.500181 0.743062 0.991925 0.00348342
0 0.574595 0.702109 0.743062 0.595782 0.00348342
0 0.198063 0.735442 0.396126 0.529115 0.00348342
0 0.801532 0.702109 0.396936 0.595782 0.00348342
0 0.726532 0.702109 0.546936 0.595782 0.00348342
0 0.424595 0.702109 0.743062 0.595782 0.00348342
0 0.323063 0.702109 0.646126 0.595782 0.00348342
0 0.676532 0.735442 0.646936 0.529115 0.00348342
0 0.248063 0.702109 0.496126 0.595782 0.00348342
0 0.676532 0.635442 0.646936 0.729115 0.00348342
0 0.776532 0.635442 0.446936 0.729115 0.00348342
0 0.474595 0.635442 0.743062 0.729115 0.00348342
0 0.348063 0.331405 0.696126 0.66281 0.00348342
0 0.701532 0.331405 0.596936 0.66281 0.00348342
0 0.624595 0.331405 0.743062 0.66281 0.00348342
0 0.474595 0.331405 0.743062 0.66281 0.00348342
0 0.273063 0.331405 0.546126 0.66281 0.00348342
0 0.198063 0.331405 0.396126 0.66281 0.00348342
0 0.801532 0.298072 0.396936 0.596143 0.00348342
0 0.751532 0.264738 0.496936 0.529476 0.00348342
0 0.676532 0.264738 0.646936 0.529476 0.00348342
0 0.574595 0.264738 0.743062 0.529476 0.00348342
0 0.424595 0.264738 0.743062 0.529476 0.00348342
0 0.323063 0.264738 0.646126 0.529476 0.00348342
0 0.248063 0.264738 0.496126 0.529476 0.00348342
0 0.524595 0.464738 0.743062 0.929476 0.00348342
0 0.374595 0.464738 0.743062 0.929476 0.00348342
0 0.273063 0.464738 0.546126 0.929476 0.00348342
0 0.198063 0.464738 0.396126 0.929476 0.00348342
0 0.801532 0.431405 0.396936 0.86281 0.00348342
0 0.726532 0.431405 0.546936 0.86281 0.00348342
0 0.651532 0.431405 0.696936 0.86281 0.00348342
0 0.298063 0.398071 0.596126 0.796143 0.00348342
0 0.574595 0.398071 0.743062 0.796143 0.00348342
0 0.424595 0.398071 0.743062 0.796143 0.00348342
0 0.223063 0.398071 0.446126 0.796143 0.00348342
0 0.776532 0.364738 0.446936 0.729476 0.00348342
0 0.726532 0.568776 0.546936 0.862449 0.00348342
0 0.323063 0.602109 0.646126 0.795782 0.00348342
0 0.574595 0.735442 0.743062 0.529115 0.00348342
0 0.348063 0.331405 0.696126 0.66281 0.00348342
0 0.801532 0.298072 0.396936 0.596143 0.00348342
0 0.726532 0.568776 0.546936 0.862449 0.00348342
0 0.323063 0.602109 0.646126 0.795782 0.00348342
0 0.624595 0.331405 0.743062 0.66281 0.00348342
0 0.248063 0.331405 0.496126 0.66281 0.00348342
0 0.726532 0.568776 0.546936 0.862449 0.00348342
0 0.323063 0.602109 0.646126 0.795782 0.00348342
0 0.524595 0.331405 0.743062 0.66281 0.00348342
0 0.198063 0.331405 0.396126 0.66281 0.00348342
0 0.726532 0.568776 0.546936 0.862449 0.00348342
0 0.298063 0.602109 0.596126 0.795782 0.00348342
0 0.726532 0.568776 0.546936 0.862449 0.00348342
0 0.298063 0.602109 0.596126 0.795782 0.00348342
