0 0.298063 0.564735 0.596126 0.87053 0.00348342
0 0.624595 0.564735 0.743062 0.87053 0.00348342
0 0.474595 0.564735 0.743062 0.87053 0.00348342
0 0.223063 0.564735 0.446126 0.87053 0.00348342
0 0.801532 0.527088 0.396936 0.945824 0.00348342
0 0.726532 0.527088 0.546936 0.945824 0.00348342
0 0.374595 0.602382 0.743062 0.795236 0.00348342
0 0.676532 0.5 0.646936 1 0.00348342
0 0.574595 0.5 0.743062 1 0.00348342
0 0.424595 0.5 0.743062 1 0.00348342
0 0.323063 0.5 0.646126 1 0.00348342
0 0.248063 0.5 0.496126 1 0.00348342
0 0.676532 0.677676 0.646936 0.644648 0.00348342
0 0.248063 0.715323 0.496126 0.569354 0.00348342
0 0.801532 0.677676 0.396936 0.644648 0.00348342
0 0.574595 0.677676 0.743062 0.644648 0.00348342
0 0.424595 0.677676 0.743062 0.644648 0.00348342
0 0.751532 0.715323 0.496936 0.569354 0.00348342
0 0.323063 0.677676 0.646126 0.644648 0.00348342
0 0.273063 0.640029 0.546126 0.719942 0.00348342
0 0.198063 0.640029 0.396126 0.719942 0.00348342
0 0.776532 0.602382 0.446936 0.795236 0.00348342
0 0.701532 0.602382 0.596936 0.795236 0.00348342
0 0.298063 0.361351 0.596126 0.722703 0.00348342
0 0.624595 0.361351 0.743062 0.722703 0.00348342
0 0.474595 0.361351 0.743062 0.722703 0.00348342
0 0.223063 0.361351 0.446126 0.722703 0.00348342
0 0.801532 0.323704 0.396936 0.647409 0.00348342
0 0.726532 0.323704 0.546936 0.647409 0.00348342
0 0.374595 0.398998 0.743062 0.797997 0.00348342
0 0.676532 0.286057 0.646936 0.572114 0.00348342
0 0.574595 0.286057 0.743062 0.572114 0.00348342
0 0.424595 0.286057 0.743062 0.572114 0.00348342
0 0.323063 0.286057 0.646126 0.572114 0.00348342
0 0.248063 0.286057 0.496126 0.572114 0.00348342
0 0.198063 0.5 0.396126 1 0.00348342
0 0.801532 0.474293 0.396936 0.948585 0.00348342
0 0.726532 0.474293 0.546936 0.948585 0.00348342
0 0.651532 0.474293 0.696936 0.948585 0.00348342
0 0.524595 0.474293 0.743062 0.948585 0.00348342
0 0.348063 0.474293 0.696126 0.948585 0.00348342
0 0.273063 0.436645 0.546126 0.873291 0.00348342
0 0.776532 0.398998 0.446936 0.797997 0.00348342
0 0.701532 0.398998 0.596936 0.797997 0.00348342
0 0.298063 0.564735 0.596126 0.87053 0.00348342
0 0.651532 0.564735 0.696936 0.87053 0.00348342
0 0.801532 0.715323 0.396936 0.569354 0.00348342
0 0.574595 0.361351 0.743062 0.722703 0.00348342
0 0.248063 0.361351 0.496126 0.722703 0.00348342
0 0.801532 0.323704 0.396936 0.647409 0.00348342
0 0.298063 0.564735 0.596126 0.87053 0.00348342
0 0.651532 0.564735 0.696936 0.87053 0.00348342
0 0.474595 0.361351 0.743062 0.722703 0.00348342
0 0.198063 0.361351 0.396126 0.722703 0.00348342
0 0.801532 0.323704 0.396936 0.647409 0.00348342
0 0.298063 0.564735 0.596126 0.87053 0.00348342
0 0.801532 0.527088 0.396936 0.945824 0.00348342
0 0.624595 0.361351 0.743062 0.722703 0.00348342
0 0.223063 0.286057 0.446126 0.572114 0.00348342
0 0.298063 0.564735 0.596126 0.87053 0.00348342
0 0.801532 0.527088 0.396936 0.945824 0.00348342
0 0.298063 0.564735 0.596126 0.87053 0.00348342
0 0.801532 0.527088 0.396936 0.945824 0.00348342
