0 0.248406 0.651582 0.496813 0.696836 0.00348342
0 0.674687 0.651582 0.650626 0.696836 0.00348342
0 0.577682 0.651582 0.765796 0.696836 0.00348342
0 0.423093 0.651582 0.765796 0.696836 0.00348342
0 0.325701 0.651582 0.651402 0.696836 0.00348342
0 0.803511 0.625135 0.392977 0.743944 0.00348342
0 0.726217 0.625135 0.547567 0.743944 0.00348342
0 0.777746 0.676582 0.444507 0.646836 0.00348342
0 0.196877 0.676582 0.393753 0.646836 0.00348342
0 0.623157 0.525135 0.753686 0.743944 0.00348342
0 0.299936 0.575135 0.599872 0.743944 0.00348342
0 0.222641 0.575135 0.445283 0.743944 0.00348342
0 0.777746 0.525135 0.444507 0.743944 0.00348342
0 0.700452 0.525135 0.599097 0.743944 0.00348342
0 0.474623 0.525135 0.765796 0.743944 0.00348342
0 0.351466 0.525135 0.702932 0.743944 0.00348342
0 0.248406 0.776582 0.496813 0.446836 0.00348342
0 0.674687 0.776582 0.650626 0.446836 0.00348342
0 0.577682 0.776582 0.765796 0.446836 0.00348342
0 0.423093 0.776582 0.765796 0.446836 0.00348342
0 0.325701 0.776582 0.651402 0.446836 0.00348342
0 0.803511 0.751582 0.392977 0.496836 0.00348342
0 0.726217 0.751582 0.547567 0.496836 0.00348342
0 0.777746 0.801582 0.444507 0.396836 0.00348342
0 0.196877 0.801582 0.393753 0.396836 0.00348342
0 0.623157 0.701582 0.753686 0.596836 0.00348342
0 0.299936 0.726582 0.599872 0.546836 0.00348342
0 0.222641 0.726582 0.445283 0.546836 0.00348342
0 0.700452 0.701582 0.599097 0.596836 0.00348342
0 0.474623 0.701582 0.765796 0.596836 0.00348342
0 0.351466 0.701582 0.702932 0.596836 0.00348342
0 0.248406 0.273554 0.496813 0.547107 0.00348342
0 0.674687 0.273554 0.650626 0.547107 0.00348342
0 0.577682 0.273554 0.765796 0.547107 0.00348342
0 0.423093 0.273554 0.765796 0.547107 0.00348342
0 0.325701 0.273554 0.651402 0.547107 0.00348342
0 0.803511 0.248554 0.392977 0.497107 0.00348342
0 0.726217 0.248554 0.547567 0.497107 0.00348342
0 0.777746 0.298554 0.444507 0.597107 0.00348342
0 0.196877 0.298554 0.393753 0.597107 0.00348342
0 0.623157 0.198554 0.753686 0.397107 0.00348342
0 0.299936 0.223554 0.599872 0.447107 0.00348342
0 0.222641 0.223554 0.445283 0.447107 0.00348342
0 0.777746 0.198554 0.444507 0.397107 0.00348342
0 0.700452 0.198554 0.599097 0.397107 0.00348342
0 0.474623 0.198554 0.765796 0.397107 0.00348342
0 0.351466 0.198554 0.702932 0.397107 0.00348342
0 0.248406 0.425135 0.496813 0.743944 0.00348342
0 0.674687 0.425135 0.650626 0.743944 0.00348342
0 0.577682 0.425135 0.765796 0.743944 0.00348342
0 0.423093 0.425135 0.765796 0.743944 0.00348342
0 0.325701 0.425135 0.651402 0.743944 0.00348342
0 0.803511 0.375135 0.392977 0.743944 0.00348342
0 0.726217 0.375135 0.547567 0.743944 0.00348342
0 0.196877 0.475135 0.393753 0.743944 0.00348342
0 0.623157 0.323554 0.753686 0.647107 0.00348342
0 0.299936 0.348554 0.599872 0.697107 0.00348342
0 0.222641 0.348554 0.445283 0.697107 0.00348342
0 0.700452 0.323554 0.599097 0.647107 0.00348342
0 0.474623 0.323554 0.765796 0.647107 0.00348342
0 0.351466 0.323554 0.702932 0.647107 0.00348342
0 0.248406 0.651582 0.496813 0.696836 0.00348342
0 0.674687 0.651582 0.650626 0.696836 0.00348342
0 0.474623 0.776582 0.765796 0.446836 0.00348342
0 0.803511 0.801582 0.392977 0.396836 0.00348342
0 0.248406 0.273554 0.496813 0.547107 0.00348342
0 0.674687 0.273554 0.650626 0.547107 0.00348342
0 0.474623 0.425135 0.765796 0.743944 0.00348342
0 0.803511 0.425135 0.392977 0.743944 0.00348342
0 0.248406 0.651582 0.496813 0.696836 0.00348342
0 0.674687 0.651582 0.650626 0.696836 0.00348342
0 0.423093 0.776582 0.765796 0.446836 0.00348342
0 0.803511 0.801582 0.392977 0.396836 0.00348342
0 0.248406 0.273554 0.496813 0.547107 0.00348342
0 0.674687 0.273554 0.650626 0.547107 0.00348342
0 0.423093 0.425135 0.765796 0.743944 0.00348342
0 0.248406 0.651582 0.496813 0.696836 0.00348342
0 0.674687 0.651582 0.650626 0.696836 0.00348342
0 0.248406 0.273554 0.496813 0.547107 0.00348342
0 0.674687 0.273554 0.650626 0.547107 0.00348342
0 0.248406 0.651582 0.496813 0.696836 0.00348342
0 0.700452 0.651582 0.599097 0.696836 0.00348342
0 0.526153 0.248554 0.765796 0.497107 0.00348342
0 0.248406 0.651582 0.496813 0.696836 0.00348342
0 0.700452 0.651582 0.599097 0.696836 0.00348342
0 0.526153 0.248554 0.765796 0.497107 0.00348342
