0 0.298063 0.564583 0.596126 0.870834 0.00348342
0 0.624595 0.564583 0.743062 0.870834 0.00348342
0 0.474595 0.564583 0.743062 0.870834 0.00348342
0 0.223063 0.564583 0.446126 0.870834 0.00348342
0 0.801532 0.527024 0.396936 0.945951 0.00348342
0 0.726532 0.527024 0.546936 0.945951 0.00348342
0 0.374595 0.602142 0.743062 0.795717 0.00348342
0 0.676532 0.5 0.646936 1 0.00348342
0 0.574595 0.5 0.743062 1 0.00348342
0 0.424595 0.5 0.743062 1 0.00348342
0 0.323063 0.5 0.646126 1 0.00348342
0 0.248063 0.5 0.496126 1 0.00348342
0 0.676532 0.677259 0.646936 0.645482 0.00348342
0 0.248063 0.714818 0.496126 0.570365 0.00348342
0 0.801532 0.677259 0.396936 0.645482 0.00348342
0 0.574595 0.677259 0.743062 0.645482 0.00348342
0 0.424595 0.677259 0.743062 0.645482 0.00348342
0 0.751532 0.714818 0.496936 0.570365 0.00348342
0 0.323063 0.677259 0.646126 0.645482 0.00348342
0 0.273063 0.6397 0.546126 0.720599 0.00348342
0 0.198063 0.6397 0.396126 0.720599 0.00348342
0 0.776532 0.602142 0.446936 0.795717 0.00348342
0 0.701532 0.602142 0.596936 0.795717 0.00348342
0 0.298063 0.360503 0.596126 0.721006 0.00348342
0 0.624595 0.360503 0.743062 0.721006 0.00348342
0 0.474595 0.360503 0.743062 0.721006 0.00348342
0 0.223063 0.360503 0.446126 0.721006 0.00348342
0 0.801532 0.322944 0.396936 0.645889 0.00348342
0 0.726532 0.322944 0.546936 0.645889 0.00348342
0 0.374595 0.398062 0.743062 0.796124 0.00348342
0 0.676532 0.285386 0.646936 0.570771 0.00348342
0 0.574595 0.285386 0.743062 0.570771 0.00348342
0 0.424595 0.285386 0.743062 0.570771 0.00348342
0 0.323063 0.285386 0.646126 0.570771 0.00348342
0 0.248063 0.285386 0.496126 0.570771 0.00348342
0 0.198063 0.5 0.396126 1 0.00348342
0 0.801532 0.473179 0.396936 0.946358 0.00348342
0 0.726532 0.473179 0.546936 0.946358 0.00348342
0 0.651532 0.473179 0.696936 0.946358 0.00348342
0 0.524595 0.473179 0.743062 0.946358 0.00348342
0 0.348063 0.473179 0.696126 0.946358 0.00348342
0 0.273063 0.43562 0.546126 0.871241 0.00348342
0 0.776532 0.398062 0.446936 0.796124 0.00348342
0 0.701532 0.398062 0.596936 0.796124 0.00348342
0 0.298063 0.564583 0.596126 0.870834 0.00348342
0 0.651532 0.564583 0.696936 0.870834 0.00348342
0 0.801532 0.714818 0.396936 0.570365 0.00348342
0 0.574595 0.360503 0.743062 0.721006 0.00348342
0 0.248063 0.360503 0.496126 0.721006 0.00348342
0 0.801532 0.322944 0.396936 0.645889 0.00348342
0 0.298063 0.564583 0.596126 0.870834 0.00348342
0 0.651532 0.564583 0.696936 0.870834 0.00348342
0 0.474595 0.360503 0.743062 0.721006 0.00348342
0 0.198063 0.360503 0.396126 0.721006 0.00348342
0 0.801532 0.322944 0.396936 0.645889 0.00348342
0 0.298063 0.564583 0.596126 0.870834 0.00348342
0 0.801532 0.527024 0.396936 0.945951 0.00348342
0 0.624595 0.360503 0.743062 0.721006 0.00348342
0 0.223063 0.285386 0.446126 0.570771 0.00348342
0 0.298063 0.564583 0.596126 0.870834 0.00348342
0 0.801532 0.527024 0.396936 0.945951 0.00348342
0 0.298063 0.564583 0.596126 0.870834 0.00348342
0 0.801532 0.527024 0.396936 0.945951 0.00348342
